3 4 7 4 2 
1.0166347
1.372418
1.0168031
-0.263319
0.231266
0.10035
1.06234
0.185861
0.510481
0.391704
-0.0639209
-0.168407
-0.343577
0.65421
-0.467921
-1.33618
-0.38637
-0.260783
-1.00764
0.025184
-0.447312
-0.00658324
-0.0923401
-0.339727
-0.0368692
0.429123
0.188456
-0.374636
0.701154
0.40295
-0.167616
0.336285
0.605762
0.0232403
-0.142557
0.575434
-0.657138
-0.065541
-0.23548
0.0361353
0.836633
-0.00512131
-0.202804
-0.157628
-0.30348
-0.798163
-0.494061
0.398569
0.552351
-0.662785
-0.485874
0.784785
0.0793694
-0.0809521
0.709087
-0.99682
0.283978
-0.00707363
0.2578
-0.598771
0.558374
0.278666
-0.717861
-0.0570134
0.470503
-0.109421
-0.208952
-0.524163
-0.0674232
-0.550472
0.373054
-0.0412223
0.0479243
-0.0333719
0.00942204
0.570871
-0.0789248
0.663845
0.55108
0.225286
0.0663044
0.0295043
0.0634584
-0.926219
0.495302
-0.113079
0.465034
0.495453
-0.370951
0.0213178
1.00239
-0.0608806
0.387907
